23
18
24
21
21
20
24
20
24
22
24
22
23
25
24
20
22
22
24
22
24
24
20
23
22
26
20
24
24
20
22
22
24
18
21
22
24
23
23
22
24
22
24
24
24
24
20
24
23
23
23
25
24
23
24
24
25
24
24
20
20
23
24
25
25
22
21
24
25
23
21
23
24
23
23
23
23
21
19
24
22
23
23
24
23
23
24
22
20
23
23
23
22
22
22
23
21
25
24
25
24
27
19
24
19
25
20
21
24
22
23
23
23
23
21
23
21
20
24
24
20
23
23
23
20
22
24
24
21
20
21
25
23
20
24
24
22
20
22
24
24
23
20
25
23
23
21
21
25
19
22
22
23
23
22
23
24
23
22
23
25
22
22
23
21
25
18
25
23
23
22
23
23
22
23
25
20
22
23
21
22
22
21
21
23
19
