673
671
676
674
675
671
677
674
680
675
676
674
678
678
680
672
675
675
679
678
679
678
676
674
676
678
672
676
678
675
678
675
681
674
677
677
680
679
676
673
676
672
673
676
677
678
677
676
675
678
676
679
676
675
678
681
678
679
675
673
674
680
677
678
676
675
673
675
678
676
674
676
674
674
677
676
679
675
674
678
675
677
678
677
674
674
679
673
672
676
676
676
676
674
673
677
678
678
680
681
677
681
674
679
675
679
675
680
677
676
676
679
674
676
673
677
678
672
676
678
673
676
678
679
672
673
680
678
672
674
676
677
676
675
676
681
676
674
676
679
677
677
674
678
679
675
675
675
674
675
674
675
676
679
674
674
676
675
677
676
678
678
677
676
673
680
674
679
679
673
676
679
680
678
676
677
673
674
676
676
676
674
673
675
675
674
