44
41
46
42
42
46
46
41
46
41
46
46
43
45
43
45
42
40
44
41
46
41
44
44
45
44
46
44
41
44
43
43
44
43
45
44
45
44
42
43
44
43
46
40
45
45
42
44
44
44
42
43
45
43
43
46
44
43
45
43
45
43
44
44
45
44
45
44
45
46
41
44
44
44
44
43
43
45
46
45
44
46
42
45
46
44
46
44
45
46
43
46
41
44
44
41
44
43
44
46
44
43
45
45
46
41
43
46
45
44
44
47
44
46
43
45
43
43
46
44
42
42
45
42
41
42
44
44
45
43
43
46
43
44
44
43
44
46
45
44
41
45
43
45
44
43
44
46
39
44
43
41
44
42
43
43
42
41
43
46
43
45
45
43
43
44
42
44
45
42
44
41
41
44
44
46
45
42
42
45
44
42
44
43
42
46
43
43
44
43
45
45
46
45
44
46
41
45
45
45
43
44
44
43
45
42
45
44
44
44
44
45
45
45
43
