304
306
302
302
307
300
301
307
304
308
305
305
306
301
303
303
304
306
306
306
302
304
306
303
307
306
303
305
307
304
306
306
302
307
305
303
302
306
307
305
307
306
301
305
302
304
304
308
308
307
305
307
305
305
304
301
308
304
304
305
303
303
303
305
303
306
304
303
306
303
306
304
307
303
307
308
302
304
308
305
302
305
303
301
303
305
300
304
307
303
307
304
305
302
308
305
303
304
305
301
305
307
302
305
304
305
308
306
302
304
302
304
304
307
303
301
307
304
301
303
306
305
304
305
307
307
307
305
307
305
306
302
304
304
304
306
302
307
305
304
306
306
307
304
305
306
306
303
308
308
307
306
305
306
305
303
305
307
302
304
308
304
302
304
306
306
305
304
303
306
304
306
305
304
304
301
304
308
306
306
304
307
309
305
305
305
306
305
305
304
302
306
303
307
308
303
304
305
307
302
305
308
305
305
303
307
302
307
307
307
304
307
304
304
304
