16
19
16
17
17
14
17
18
18
21
15
16
18
14
17
17
18
18
19
19
17
20
16
18
19
18
17
18
20
18
18
17
17
19
15
16
15
16
18
17
19
19
17
17
16
17
19
18
19
18
19
22
15
17
16
16
18
17
17
18
14
16
17
18
19
17
17
16
19
17
19
18
19
17
19
19
14
14
18
18
16
17
19
14
15
19
16
14
18
16
19
14
18
17
18
17
18
18
19
16
15
19
18
17
17
18
17
17
14
16
18
17
17
20
16
18
20
19
13
19
17
17
17
16
21
18
18
19
18
17
19
17
16
16
18
18
15
18
17
17
18
19
16
15
13
18
16
17
17
18
18
18
19
18
18
16
17
19
16
19
18
18
16
18
18
20
19
15
18
17
17
20
18
17
16
16
16
17
18
17
16
18
20
17
18
19
18
18
19
19
15
19
16
18
21
17
16
19
19
16
19
20
19
20
16
20
17
18
18
19
17
19
17
17
17
