40
43
41
43
43
38
40
42
40
43
41
39
42
42
41
43
40
42
42
41
41
41
42
40
43
42
39
42
42
42
41
40
43
43
41
40
42
43
38
42
43
41
42
42
40
41
43
40
42
38
40
41
43
42
42
40
42
37
41
42
43
42
42
42
40
43
42
42
40
42
38
43
41
42
40
44
42
41
41
41
41
40
42
42
43
44
40
40
39
42
42
40
43
41
41
43
41
44
42
41
41
43
39
42
41
40
43
39
42
42
40
43
42
39
42
42
41
41
43
43
42
38
42
42
43
38
42
44
41
38
41
41
38
43
42
41
40
42
43
40
42
41
42
42
41
42
43
42
40
42
40
42
41
42
43
42
44
42
42
42
44
41
40
40
39
42
42
41
42
42
42
43
43
41
43
40
38
39
40
38
40
43
39
42
43
43
40
41
42
41
42
40
40
42
44
42
40
42
44
42
43
