84
88
83
87
89
85
85
88
87
85
84
83
86
87
86
88
87
88
88
88
88
84
88
85
87
89
86
86
87
84
85
88
87
86
85
86
88
88
86
85
89
86
88
83
87
85
87
83
88
84
84
85
87
84
84
84
86
83
86
85
86
83
86
85
83
87
84
86
83
89
84
86
86
87
86
87
87
83
88
84
87
84
84
86
89
87
87
87
83
85
88
87
88
87
84
87
85
89
88
86
85
86
83
87
86
84
86
85
86
88
85
87
88
83
89
88
86
83
88
87
86
82
87
87
86
82
85
87
85
84
86
85
84
88
88
87
84
87
85
84
87
89
87
86
86
87
89
88
82
85
85
84
87
87
86
85
89
85
88
88
87
86
85
83
84
88
83
87
85
85
86
88
86
85
86
84
85
86
83
84
85
86
87
86
87
85
85
87
87
86
85
83
84
87
88
84
84
85
88
87
85
