1630
1631
1632
1637
1632
1636
1632
1633
1631
1628
1632
1633
1632
1629
1630
1625
1631
1632
1635
1631
1631
1634
1628
1633
1631
1633
1631
1630
1634
1630
1630
1633
1633
1635
1634
1630
1632
1629
1634
1633
1631
1634
1628
1632
1629
1632
1631
1632
1633
1632
1632
1629
1627
1629
1632
1630
1630
1633
1630
1631
1632
1632
1631
1635
1633
1630
1631
1630
1630
1632
1631
1630
1633
1631
1635
1631
1630
1634
1629
1631
1630
1630
1635
1630
1629
1632
1631
1631
1635
1632
1632
1630
1630
1630
1631
1629
1632
1632
1631
1633
1630
1627
1632
1630
1630
1633
1631
1633
1634
1630
1632
1630
1629
1634
1630
1633
1628
1635
1630
1630
1630
1630
1629
1632
1632
1635
1635
1628
1635
1630
1631
1634
1627
1627
1631
1627
1633
1633
1634
1633
1633
1628
1631
1633
1630
1631
1629
1628
1633
1630
1631
1636
1632
1632
1629
1633
1633
1629
1632
1631
1634
1633
1634
1633
1631
1632
1630
1629
1632
1633
1635
1635
1629
1628
1630
1634
1632
1632
1635
1634
1632
1632
1626
1630
1632
1633
1629
1629
1631
1632
1631
1634
1630
1630
1629
1634
1633
1627
1629
1634
1633
