23
21
26
25
21
23
26
20
23
22
26
24
23
20
25
21
23
21
24
23
21
25
21
24
19
23
24
23
24
22
24
23
25
26
24
25
23
24
25
24
25
24
19
26
18
22
24
24
25
25
23
23
21
24
25
24
24
24
23
24
23
23
22
24
24
21
22
24
22
22
25
24
25
23
24
26
24
25
21
21
21
24
24
25
23
23
22
22
22
25
21
23
22
22
23
24
22
20
24
22
24
20
24
22
24
24
23
24
25
21
24
24
22
24
23
26
23
25
23
25
21
22
22
25
22
23
24
22
24
25
23
22
22
20
24
20
22
22
24
25
25
22
23
20
20
22
20
24
25
24
26
24
22
24
24
25
25
23
26
23
24
26
26
24
25
24
24
22
23
25
25
25
23
24
22
23
23
24
26
25
25
25
23
21
24
25
21
23
25
22
25
26
22
25
25
25
22
21
22
25
23
