39
43
39
43
43
43
38
42
42
42
41
43
41
37
41
42
42
44
44
40
44
40
43
38
40
42
41
42
39
43
41
41
41
43
41
45
43
42
45
43
43
41
44
42
40
41
42
43
44
44
42
42
40
43
43
43
41
37
45
43
42
40
41
41
40
38
42
44
37
44
42
42
42
40
44
41
42
44
43
42
45
40
43
44
44
40
45
42
45
42
41
44
42
43
44
44
38
43
42
43
41
44
41
41
44
40
40
44
42
40
43
43
44
43
45
42
42
44
44
41
45
42
42
42
43
45
43
42
45
45
42
40
45
42
42
42
42
44
44
41
38
43
43
43
43
40
42
41
44
42
39
42
43
39
41
42
43
43
42
44
41
40
42
43
43
44
44
41
44
43
44
43
41
42
42
39
42
40
40
44
41
43
42
42
43
44
