66
69
63
68
68
69
62
69
65
66
65
67
66
65
67
69
69
69
68
65
68
67
69
66
67
69
69
67
65
68
68
67
66
68
68
69
68
66
70
68
68
68
67
68
68
65
67
65
66
67
66
66
65
69
67
68
67
64
70
69
68
66
66
68
68
64
68
67
62
67
68
68
68
68
67
66
67
67
68
68
68
64
68
68
68
67
69
68
69
67
67
68
69
69
67
71
66
67
67
67
64
69
69
64
69
65
69
68
69
66
66
66
70
69
68
67
65
69
64
67
71
67
67
68
68
70
67
67
68
70
69
67
72
66
67
69
68
69
69
64
64
66
69
67
69
67
69
68
69
69
66
68
67
65
68
68
68
68
68
67
68
67
67
68
68
70
71
65
69
69
67
65
64
69
68
64
67
68
66
68
67
66
70
66
70
70
