31
28
32
32
29
32
32
26
30
27
29
31
29
30
30
30
29
28
28
28
31
29
30
30
31
31
30
30
29
30
28
29
30
26
30
32
31
30
29
28
30
29
30
26
31
31
28
30
28
29
30
28
29
28
30
29
29
28
30
29
31
30
31
29
31
29
29
30
31
31
27
29
29
29
29
29
30
31
31
30
32
30
30
30
29
29
31
31
31
30
27
30
30
30
29
27
28
29
28
30
28
29
30
30
31
27
30
31
30
31
31
30
30
30
30
29
30
28
32
31
28
26
30
29
26
25
31
30
31
31
29
32
26
31
28
28
27
30
29
30
27
31
28
29
31
28
30
30
24
29
28
28
31
29
30
29
30
27
32
30
29
30
30
30
28
28
28
26
29
30
27
28
28
29
30
29
29
28
28
32
29
26
29
28
27
30
30
30
30
30
30
30
30
30
29
31
27
30
31
31
30
30
31
31
32
30
29
30
29
27
31
31
32
29
25
